245
1123
2456
3789
4567
5234
6789
7456
8123
9567
1234
2567
3456
4789
5678
6234
7567
8456
9123
1567
2234
3567
4234
5456
6567
7234
8567
9234
1456
2789
3234
4567
5789
6456
7789
8234
9456
1789
2456
3789
4123
5567
6789
7123
8789
9567
1234
2567
3456
4789
5678
6234
7567
8456
9123
1567
2234
3567
4234
5456
6567
7234
8567
9234
1456
2789
3234
4567
5789
6456
7789
8234
9456
1789
2456
3789
4123
5567
6789
7123
8789
9567
1234
2567
3456
4789
5678
6234
7567
8456
9123
1567
2234
3567
4234
5456
6567
7234
8567
9234
1456
2789
3234
4567
5789
6456
7789
8234
9456
1789
2456
3789
4123
5567
6789
7123
8789
9567
1234
2567
3456
4789
5678
6234
7567
8456
