12825
23262
11105
12022
23346
15126
6762
24372
29299
10635
15054
47489
26432
11587
24036
37324
33113
399
45041
31496
18491
34003
4706
22408
28156
39699
36084
12024
42099
5076
17739
9133
6003
13158
30992
26835
44999
26198
29725
48623
14826
49112
22167
41716
22285
42407
4580
10194
49325
7553
1462
19518
26357
25753
34339
17049
40089
10527
5450
33845
894
12672
22849
19434
20053
22108
32038
25955
39150
14793
41310
14101
1870
40537
13902
33866
39995
40880
659
21761
36597
21765
39384
15476
2574
45262
8456
43774
14458
22813
42921
7017
41106
7047
40614
30467
3106
38650
33431
3464
33699
34926
47865
42467
35876
34067
24643
22572
23448
36908
38100
10324
19491
9657
17483
18098
26088
34853
2724
23624
